,confirmed,estimated_population_2019,estimated_population,city_ibge_code,confirmed_per_100k_inhabitants,death_rate,longitude,latitude
0,175,7084.0,7102.0,2200053.0,2464.09462,0.0057,-41.0831,-8.21954
1,291,5139.0,5131.0,2200103.0,5671.409079999999,0.0103,-42.6664,-5.79676
2,256,7651.0,7665.0,2200251.0,3339.8564899999997,0.0352,-40.9282,-7.0003899999999994
3,442,4915.0,4918.0,2200277.0,8987.39325,0.0113,-40.8566,-7.241960000000001
4,517,14304.0,14339.0,2200301.0,3605.55129,0.0251,-42.2096,-5.25634
5,3626,40524.0,40605.0,2200400.0,8929.93474,0.0185,-42.4612,-5.038880000000001
6,260,5419.0,5445.0,2200459.0,4775.02296,0.0269,-43.777,-8.42418
7,1243,17598.0,17604.0,2200509.0,7060.89525,0.0233,-42.8433,-6.243040000000001
8,414,6788.0,6783.0,2200608.0,6103.49403,0.0193,-42.74,-6.08786
9,399,3164.0,3170.0,2200806.0,12586.75079,0.0251,-44.1889,-7.21276
10,283,9880.0,9938.0,2200707.0,2847.65546,0.0212,-43.0494,-9.18564
11,511,5835.0,5827.0,2200905.0,8769.521190000001,0.0235,-41.7822,-6.11022
12,97,2551.0,2551.0,2200954.0,3802.43042,0.0103,-41.5325,-7.245019999999999
13,136,4727.0,4720.0,2201002.0,2881.35593,0.0147,-42.5418,-6.65075
14,283,7846.0,7863.0,2201051.0,3599.13519,0.0212,-41.0389,-5.865
15,293,11289.0,11326.0,2201101.0,2586.9680399999997,0.058,-43.9563,-10.1345
16,1881,11586.0,11671.0,2201150.0,16116.87088,0.0101,-45.218999999999994,-7.84903
17,103,3951.0,3952.0,2201176.0,2606.2753,0.0291,-42.1146,-6.51645
18,3975,47066.0,47185.0,2201200.0,8424.28738,0.0199,-42.2922,-4.244680000000001
19,58,3348.0,3352.0,2201309.0,1730.3102600000002,0.0172,-45.4702,-9.9296
20,568,7032.0,7027.0,2201408.0,8083.108009999999,0.0158,-42.5147,-5.816730000000001
21,840,26857.0,26905.0,2201507.0,3122.0962600000003,0.0357,-42.0787,-4.0223
22,226,4015.0,4030.0,2201556.0,5607.94045,0.0265,-41.8675,-7.98809
23,415,3566.0,3587.0,2201572.0,11569.55673,0.0169,-40.9688,-7.3665199999999995
24,778,10467.0,10473.0,2201606.0,7428.6259900000005,0.036,-42.3638,-5.45676
25,728,5501.0,5507.0,2201705.0,13219.538770000001,0.011,-43.9498,-7.633380000000001
26,155,6205.0,6210.0,2201739.0,2495.97424,0.0129,-40.7989,-8.14376
27,453,6781.0,6815.0,2201770.0,6647.1019799999995,0.011,-42.1357,-4.41404
28,233,4500.0,4505.0,2201804.0,5172.03108,0.0129,-41.3168,-6.94124
29,2603,25179.0,25387.0,2201903.0,10253.27924,0.0108,-44.358999999999995,-9.07124
30,106,5630.0,5651.0,2201919.0,1875.7742,0.0849,-41.6403,-3.19631
31,243,5670.0,5685.0,2201929.0,4274.40633,0.0206,-42.8865,-9.1605
32,449,6407.0,6426.0,2201945.0,6987.239340000001,0.0156,-42.1212,-4.48181
33,440,8329.0,8347.0,2201960.0,5271.35498,0.0182,-41.7859,-4.1337
34,59,3875.0,3848.0,2201988.0,1533.26403,0.0508,-42.8229,-8.20314
35,1120,19781.0,19807.0,2202000.0,5654.56657,0.0196,-41.8695,-3.1825900000000003
36,520,8244.0,8264.0,2202026.0,6292.3523700000005,0.0115,-41.0933,-5.30584
37,430,10586.0,10630.0,2202059.0,4045.15522,0.0233,-42.3069,-4.4773
38,36,3559.0,3573.0,2202075.0,1007.55668,0.0278,-42.3903,-6.79667
39,465,7642.0,7674.0,2202083.0,6059.421420000001,0.0301,-41.3408,-2.93111
40,263,5776.0,5781.0,2202091.0,4549.385920000001,0.0076,-40.6366,-7.3314
41,147,5613.0,5620.0,2202109.0,2615.6583600000004,0.0068,-41.8775,-7.6593
42,71,5045.0,5069.0,2202117.0,1400.67074,0.0141,-41.8344,-8.38236
43,430,5943.0,5965.0,2202133.0,7208.71752,0.0093,-41.0315,-7.12827
44,358,7279.0,7311.0,2202174.0,4896.73095,0.014,-42.64,-3.80441
45,4651,46833.0,46893.0,2202208.0,9918.3247,0.0247,-42.1641,-4.8217
46,143,3950.0,3944.0,2202251.0,3625.76065,0.035,-43.7233,-7.688210000000001
47,824,21187.0,21258.0,2202307.0,3876.18779,0.0352,-42.9517,-8.1111
48,54,4100.0,4114.0,2202455.0,1312.59115,0.0556,-41.81399999999999,-8.49655
49,724,11417.0,11445.0,2202406.0,6325.90651,0.0304,-41.943999999999996,-4.457
50,265,10916.0,10964.0,2202505.0,2417.0010899999997,0.034,-43.32899999999999,-9.27933
51,182,5868.0,5890.0,2202539.0,3089.98302,0.0385,-41.8425,-3.47525
52,468,5067.0,5085.0,2202554.0,9203.53982,0.0064,-40.9848,-7.73435
53,810,19716.0,19715.0,2202604.0,4108.546789999999,0.0247,-41.5499,-5.31869
54,135,5424.0,5451.0,2202653.0,2476.6098,0.0074,-41.8955,-3.4190400000000003
55,850,27787.0,27845.0,2202703.0,3052.61268,0.0306,-41.5546,-3.4727900000000003
56,343,4891.0,4899.0,2202711.0,7001.428859999999,0.0262,-41.9587,-4.5571
57,252,6153.0,6168.0,2202729.0,4085.60311,0.0238,-41.4402,-3.6204699999999996
58,215,4020.0,4032.0,2202737.0,5332.34127,0.0233,-42.208,-5.09224
59,344,6484.0,6516.0,2202752.0,5279.31246,0.0174,-43.794,-8.1837
60,269,7656.0,7661.0,2202778.0,3511.29095,0.0149,-42.1756,-7.22651
61,242,4803.0,4807.0,2202802.0,5034.3249399999995,0.0248,-41.5942,-7.87638
62,97,4682.0,4685.0,2202851.0,2070.43757,0.0309,-42.5232,-8.81397
63,1275,26644.0,26709.0,2202901.0,4773.6718,0.0125,-45.1633,-10.4333
64,45,8294.0,8323.0,2203008.0,540.67043,0.0444,-45.1893,-10.6443
65,409,10423.0,10444.0,2203107.0,3916.12409,0.0196,-44.223,-8.82273
66,567,11388.0,11426.0,2203206.0,4962.366529999999,0.0194,-44.3002,-10.0326
67,245,4954.0,4968.0,2203230.0,4931.562,0.0041,-44.4062,-9.01175
68,241,5343.0,5367.0,2203271.0,4490.404320000001,0.0083,-40.8957,-7.8313
69,257,4443.0,4459.0,2203255.0,5763.62413,0.0039,-42.8376,-5.60825
70,2516,13817.0,13840.0,2203305.0,18179.19075,0.0064,-42.6776,-5.35875
71,198,7011.0,7029.0,2203354.0,2816.90141,0.0303,-42.4348,-9.33939
72,237,6904.0,6922.0,2203404.0,3423.8659299999995,0.038,-41.6396,-6.95332
73,162,9556.0,9565.0,2203453.0,1693.67486,0.0247,-41.9697,-9.00516
74,164,4355.0,4354.0,2203420.0,3766.6513600000003,0.0183,-41.2683,-4.2495
75,644,14602.0,14575.0,2203503.0,4418.52487,0.0326,-42.1355,-6.19947
76,262,4915.0,4930.0,2203602.0,5314.401620000001,0.042,-43.6705,-8.09629
77,2182,39737.0,39848.0,2203701.0,5475.80807,0.0289,-42.2324,-3.8886300000000005
78,165,5307.0,5319.0,2203750.0,3102.0868600000003,0.0182,-42.7912,-9.483419999999999
79,123,4463.0,4462.0,2203800.0,2756.61139,0.0244,-42.918,-7.78793
80,98,2558.0,2560.0,2203859.0,3828.125,0.0408,-41.7883,-7.466819999999999
81,6724,59935.0,60025.0,2203909.0,11201.999170000001,0.0173,-43.0241,-6.77182
82,62,5348.0,5347.0,2204006.0,1159.52871,0.0161,-42.2591,-6.39334
83,145,4348.0,4323.0,2204105.0,3354.15221,0.0345,-42.6881,-6.626060000000001
84,399,3184.0,3200.0,2204154.0,12468.75,0.01,-40.788000000000004,-7.331
85,260,9319.0,9372.0,2204204.0,2774.2210800000003,0.0077,-41.1288,-6.994910000000001
86,575,11625.0,11659.0,2204303.0,4931.81233,0.0122,-40.6146,-7.08173
87,243,5442.0,5460.0,2204352.0,4450.54945,0.0082,-41.3409,-7.1547600000000005
88,379,10690.0,10694.0,2204402.0,3544.04339,0.0106,-45.3423,-9.830010000000001
89,1037,10499.0,10497.0,2204501.0,9879.01305,0.0154,-43.5594,-6.78285
90,88,4562.0,4568.0,2204550.0,1926.4448300000001,0.0227,-43.6943,-9.38647
91,411,3877.0,3879.0,2204600.0,10595.514309999999,0.0195,-42.5598,-5.9886
92,685,9426.0,9457.0,2204659.0,7243.31183,0.0161,-41.8186,-2.85774
93,675,15308.0,15319.0,2204709.0,4406.29284,0.0148,-41.7041,-6.665
94,404,9811.0,9838.0,2204808.0,4106.525720000001,0.0149,-41.7381,-6.824210000000001
95,507,8549.0,8566.0,2204907.0,5918.74854,0.002,-41.6735,-7.73597
96,485,11530.0,11551.0,2205003.0,4198.77067,0.0144,-41.4687,-7.44336
97,108,11019.0,11028.0,2205102.0,979.32535,0.1019,-43.0249,-7.599889999999999
98,241,5741.0,5729.0,2205151.0,4206.667829999999,0.0083,-41.2075,-7.930630000000001
99,702,19104.0,19170.0,2205201.0,3661.9718299999995,0.0299,-41.1371,-7.36229
100,158,4504.0,4513.0,2205250.0,3500.9971200000005,0.019,-42.63,-6.099
101,161,4865.0,4875.0,2205276.0,3302.5641,0.0373,-41.817,-4.77025
102,186,4452.0,4447.0,2205300.0,4182.59501,0.0161,-43.5033,-7.09128
103,1114,14354.0,14376.0,2205409.0,7749.02615,0.0144,-42.1865,-3.50164
104,458,5443.0,5466.0,2205458.0,8379.07062,0.0087,-42.4255,-3.4804
105,3308,39208.0,39336.0,2205508.0,8409.59935,0.0151,-42.5746,-4.75146
106,133,3008.0,3005.0,2205359.0,4425.95674,0.0075,-42.4264,-8.50736
107,222,5478.0,5485.0,2205516.0,4047.4020100000002,0.0045,-41.6976,-5.17459
108,179,4763.0,4777.0,2205532.0,3747.1216200000003,0.0223,-43.1337,-9.21992
109,133,5627.0,5640.0,2205524.0,2358.15603,0.0752,-44.2381,-10.3225
110,322,8542.0,8577.0,2205557.0,3754.2264200000004,0.0373,-42.6309,-4.51539
111,339,6758.0,6777.0,2205573.0,5002.21337,0.0118,-41.5969,-4.38505
112,806,4655.0,4656.0,2205565.0,17310.99656,0.005,-41.5342,-8.47673
113,535,4064.0,4075.0,2205581.0,13128.834359999999,0.0056,-42.6437,-5.41864
114,88,5177.0,5198.0,2205599.0,1692.95883,0.1023,-41.5653,-6.50766
115,215,2845.0,2858.0,2205540.0,7522.7431799999995,0.0233,-42.6223,-5.8307400000000005
116,549,5295.0,5283.0,2205607.0,10391.82283,0.0164,-43.9364,-7.25922
117,2124,25486.0,25504.0,2205805.0,8328.1054,0.0184,-42.3718,-3.4683
118,989,30311.0,30438.0,2205706.0,3249.2279399999998,0.0394,-41.6641,-2.8843799999999997
119,385,8310.0,8342.0,2205854.0,4615.20019,0.0052,-42.4981,-3.48624
120,352,5349.0,5351.0,2205904.0,6578.20968,0.0256,-43.8755,-8.01234
121,788,8492.0,8543.0,2205953.0,9223.92602,0.0266,-40.6602,-7.4416899999999995
122,180,4549.0,4547.0,2206001.0,3958.6540600000003,0.0278,-43.8926,-7.11565
123,155,6441.0,6449.0,2206050.0,2403.47341,0.0,-41.1103,-7.47469
124,471,10936.0,10958.0,2206100.0,4298.2296,0.017,-42.5507,-3.7149199999999998
125,1745,33760.0,33833.0,2206209.0,5157.68628,0.0155,-42.8963,-4.16857
126,88,1246.0,1242.0,2206308.0,7085.34622,0.0,-42.7436,-5.68077
127,140,6613.0,6608.0,2206357.0,2118.64407,0.0214,-41.4173,-4.68295
128,1122,10564.0,10564.0,2206407.0,10620.9769,0.0223,-42.6075,-5.562
129,391,7749.0,7767.0,2206506.0,5034.11871,0.0051,-41.026,-6.99275
130,724,10613.0,10615.0,2206605.0,6820.53698,0.0138,-45.3037,-9.753639999999999
131,70,4532.0,4530.0,2206654.0,1545.25386,0.0286,-43.9072,-9.718910000000001
132,659,6796.0,6811.0,2206670.0,9675.52489,0.0061,-42.3024,-3.73337
133,214,9159.0,9209.0,2206696.0,2323.8136600000003,0.0374,-42.093999999999994,-3.319
134,289,7339.0,7322.0,2206704.0,3947.00901,0.0208,-42.6773,-6.97023
135,353,8570.0,8602.0,2206720.0,4103.69681,0.0255,-42.8153,-5.35128
136,321,4870.0,4891.0,2206753.0,6563.07504,0.0343,-42.173,-4.63019
137,651,8692.0,8723.0,2206803.0,7463.02877,0.0154,-42.6184,-3.97574
138,112,4374.0,4383.0,2207959.0,2555.3274,0.0357,-42.0471,-8.09707
139,233,6565.0,6556.0,2206902.0,3553.9963399999997,0.0429,-41.9261,-6.4490099999999995
140,201,2991.0,3003.0,2206951.0,6693.306689999999,0.0149,-41.9325,-5.28749
141,3504,37029.0,37085.0,2207009.0,9448.56411,0.0146,-42.1283,-7.01915
142,153,2459.0,2468.0,2207108.0,6199.3517,0.0196,-42.5594,-5.84125
143,475,6868.0,6873.0,2207207.0,6911.101409999999,0.0105,-40.8997,-7.3510100000000005
144,56,4129.0,4126.0,2207306.0,1357.24673,0.0179,-42.2474,-7.77375
145,77,3389.0,3404.0,2207355.0,2262.04465,0.0909,-42.8248,-7.85508
146,218,5043.0,5036.0,2207405.0,4328.83241,0.0183,-44.2466,-8.73076
147,289,14539.0,14587.0,2207504.0,1981.21615,0.0311,-43.056000000000004,-5.97086
148,115,3945.0,3937.0,2207553.0,2921.00584,0.0261,-41.7,-7.10303
149,211,10791.0,10819.0,2207603.0,1950.2726699999998,0.0332,-44.63,-10.2166
150,12276,153078.0,153482.0,2207702.0,7998.33205,0.0239,-41.7754,-2.90585
151,222,4313.0,4323.0,2207751.0,5135.32269,0.0315,-42.4436,-5.86036
152,220,6392.0,6406.0,2207777.0,3434.28036,0.0182,-41.2408,-7.67231
153,305,4045.0,4065.0,2207793.0,7503.07503,0.0131,-42.3908,-5.26072
154,936,20523.0,20554.0,2207801.0,4553.85813,0.0107,-41.1431,-8.134360000000001
155,227,3677.0,3669.0,2207850.0,6186.97193,0.0352,-43.2284,-7.96059
156,2677,38742.0,38778.0,2207900.0,6903.39883,0.0228,-41.4482,-4.42585
157,62,2536.0,2544.0,2207934.0,2437.1069199999997,0.0323,-42.2847,-8.06807
158,6290,78222.0,78431.0,2208007.0,8019.788090000001,0.0188,-41.467,-7.077210000000001
159,732,12127.0,12139.0,2208106.0,6030.15075,0.0301,-41.4113,-6.23839
160,702,18425.0,18459.0,2208205.0,3803.0229200000003,0.0214,-40.6083,-6.830019999999999
161,1765,28791.0,28874.0,2208304.0,6112.76581,0.03,-41.7088,-3.93335
162,8055,63742.0,63787.0,2208403.0,12627.96495,0.0166,-41.7716,-4.27157
163,524,12568.0,12608.0,2208502.0,4156.09137,0.0229,-42.6998,-3.88815
164,165,2710.0,2720.0,2208551.0,6066.17647,0.0182,-44.1837,-6.964230000000001
165,139,3151.0,3150.0,2208601.0,4412.69841,0.0288,-42.2046,-5.67265
166,567,8992.0,9017.0,2208650.0,6288.12244,0.0053,-41.4106,-8.57064
167,272,8778.0,8796.0,2208700.0,3092.3146899999997,0.0551,-44.5811,-9.47937
168,909,17978.0,17979.0,2208809.0,5055.89855,0.0165,-42.6842,-6.23115
169,108,4312.0,4309.0,2208858.0,2506.38199,0.0278,-44.9503,-10.1244
170,31,4477.0,4488.0,2208874.0,690.7308400000001,0.0968,-42.7128,-7.6902800000000004
171,592,7341.0,7376.0,2208908.0,8026.03037,0.0135,-45.2447,-7.55651
172,306,6432.0,6433.0,2209005.0,4756.72315,0.0163,-43.1369,-7.780289999999999
173,759,6240.0,6247.0,2209104.0,12149.83192,0.0184,-41.7609,-7.1785
174,225,4019.0,4033.0,2209153.0,5578.97347,0.0089,-41.9506,-5.80581
175,62,6253.0,6254.0,2209203.0,991.36553,0.0484,-45.9116,-9.11228
176,186,5860.0,5882.0,2209302.0,3162.18973,0.0269,-44.1296,-8.9488
177,103,5257.0,5255.0,2209377.0,1960.03806,0.0194,-42.2814,-6.79581
178,138,4634.0,4642.0,2209351.0,2972.85653,0.0217,-41.5178,-6.946960000000001
179,31,6415.0,6441.0,2209401.0,481.29172,0.129,-41.2252,-6.98676
180,130,2161.0,2166.0,2209450.0,6001.8467200000005,0.0154,-42.7123,-6.046469999999999
181,210,3798.0,3803.0,2209500.0,5521.95635,0.0238,-41.9063,-7.420719999999999
182,22,3469.0,3451.0,2210623.0,637.4963799999999,0.1364,-44.8337,-10.817
183,326,4294.0,4303.0,2210631.0,7576.10969,0.0123,-44.06,-7.56803
184,373,10041.0,10058.0,2210656.0,3708.49075,0.0241,-41.7311,-4.91665
185,893,12711.0,12746.0,2210805.0,7006.119570000001,0.0235,-41.9075,-7.852939999999999
186,651,14633.0,14649.0,2210706.0,4443.98935,0.0092,-40.8137,-7.5910899999999994
187,108,4569.0,4563.0,2210904.0,2366.86391,0.0556,-42.4922,-7.86773
188,324,6730.0,6767.0,2210938.0,4787.9414799999995,0.0093,-41.3767,-7.0368699999999995
189,56,4448.0,4451.0,2209559.0,1258.14424,0.125,-43.0076,-9.05797
190,49,5755.0,5779.0,2209658.0,847.89756,0.0408,-41.6873,-8.23599
191,114,6423.0,6420.0,2209708.0,1775.70093,0.0439,-42.541000000000004,-7.2463
192,127,2942.0,2932.0,2209609.0,4331.51432,0.0157,-42.1172,-5.93485
193,96,3041.0,3057.0,2209757.0,3140.3336600000002,0.0312,-45.3092,-10.0319
194,320,5015.0,5030.0,2209807.0,6361.82903,0.0125,-42.7095,-5.993930000000001
195,127,5346.0,5354.0,2210052.0,2372.05827,0.0551,-41.8308,-3.81411
196,63,3745.0,3741.0,2210102.0,1684.0417,0.0159,-42.5672,-7.485539999999999
197,137,6705.0,6700.0,2210201.0,2044.77612,0.0584,-41.4731,-6.8719399999999995
198,299,4608.0,4614.0,2209856.0,6480.27742,0.0167,-41.3415,-6.81203
199,198,6042.0,6064.0,2209872.0,3265.1715,0.0101,-41.2569,-3.95497
200,271,6139.0,6122.0,2209906.0,4426.65795,0.0369,-41.8923,-5.51081
201,82,4840.0,4848.0,2209955.0,1691.4191399999997,0.0244,-41.8889,-6.9408199999999995
202,451,7989.0,8038.0,2209971.0,5610.84847,0.0089,-42.4459,-3.8186
203,983,20601.0,20662.0,2210003.0,4757.52589,0.0254,-42.2559,-8.35466
204,234,6363.0,6371.0,2210300.0,3672.8928,0.0299,-40.8246,-7.08391
205,59,4573.0,4577.0,2210359.0,1289.05397,0.0169,-42.5496,-9.16463
206,101,2644.0,2646.0,2210375.0,3817.08239,0.0,-41.3175,-6.8193600000000005
207,94,2452.0,2454.0,2210383.0,3830.48085,0.0106,-42.1934,-5.85646
208,72,3039.0,3038.0,2210391.0,2369.98025,0.0278,-42.3676,-7.59713
209,522,17662.0,17639.0,2210409.0,2959.35144,0.023,-41.3165,-5.4972900000000005
210,957,14291.0,14324.0,2210508.0,6681.09467,0.0178,-42.7192,-5.920780000000001
211,2997,34710.0,34877.0,2210607.0,8593.0556,0.014,-42.6987,-9.012410000000001
212,32,2919.0,2929.0,2210953.0,1092.52305,0.125,-42.9211,-8.40937
213,118,2765.0,2773.0,2210979.0,4255.31915,0.0,-42.2795,-6.5978699999999995
214,83089,864845.0,868075.0,2211001.0,9571.6384,0.0226,-42.8034,-5.09194
215,1748,44485.0,44569.0,2211100.0,3922.0085700000004,0.0252,-42.8583,-4.58571
216,3182,21558.0,21655.0,2211209.0,14694.06604,0.0123,-44.5577,-7.239439999999999
217,1558,20918.0,20929.0,2211308.0,7444.216159999999,0.0315,-41.7375,-6.40301
218,184,3077.0,3080.0,2211506.0,5974.025970000001,0.0109,-41.4673,-7.59748
219,122,2971.0,2952.0,2211605.0,4132.79133,0.0082,-40.9345,-7.13272
220,146,4947.0,4938.0,2211357.0,2956.66262,0.0479,-42.9692,-9.238
221,327,4391.0,4386.0,2211407.0,7455.540359999999,0.0,-42.248000000000005,-6.54899
222,328,4462.0,4471.0,2211704.0,7336.16641,0.0091,-41.905,-7.231510000000001
223,1255,17411.0,17470.0,2200202.0,7183.743559999999,0.0438,-42.637,-5.88856
